PER,TEFF,R,MSINI,MASS
day,k,rjupiter,mjupiter,mjupiter
7.958203,5851,0.095459,,
2.243752,6475,1.281,7.65457,7.69234
7.8125124,6058,0.196096,,
2605,,,0.642621,0.642621
3.6961219,5466,0.170247,0.0266149,0.0266646
3.039577,5190,1.02,0.615135,0.617485
3.137873,5333,0.113302,,
670,4811,,1.9075,1.9075
1.611865,5920,0.140066,,
3.8334999,5891,,0.0622185,0.0622185
13.0241,5663,0.255816,0.04247,0.00912437
133.71001,5536,,3.3748,3.3748
4.322482,5800,1.07,0.300201,0.300272
37.514456,5615,0.232849,,
7.267277,4048,0.119547,,
15.56,5695,,0.0477376,0.0477376
11.763051,4914,0.207869,,
13.98179,4880,0.174859,,
11.349393,5018,0.205192,,
14.51143,5376,0.130252,,
12.412183,5957,0.19181,,
23.968127,3750,0.178428,,
3.764825,5750,1.22,0.578118,0.57847
13.343058,4048,0.139174,,
3668,5852.73,,4.02189,4.02189
57.68802,6248,0.38362,,
6.04045,5123,0.115086,,
6.6264,5913,0.24177,,
47.332773,5265,0.220359,,
5.929778,5956,0.169507,,
613.8,5082,,1.94873,1.94873
44.236,5441,,2.12711,2.12711
225.7,4820,,0.212872,0.212872
226.93,5434,,0.187149,0.187149
8.486616,6169,0.12936,,
11.815007,5746,0.328308,,
6.849692,6509,0.121331,,
25.209715,6004,0.0811848,,
653.21997,5846.82,,9.4752,9.4752
29.726682,5818,0.415737,,
51.755394,5711,0.319386,,
3.543919,4486,0.095459,,
10.139623,4625,0.212329,,
4.6455,4850,,0.0130582,0.0130582
1970,,,,2.6
0.74296,3793,0.0730903,,
0.925542,6110,1.528,1.48481,1.48791
18.369917,5243,0.234633,,
3.38802,5551,0.19181,,
598.3,3700,,0.325341,0.325341
14.12841,6105,0.256044,,
140.101261,6158,0.252476,,
974,5885,,5.60495,5.60495
16.007583,5848,0.215006,,
20.134866,5235,0.212329,,
2146.0503,5674,,12.2603,12.2603
5.714932,4925,0.116766,,0
14.646008,5723,0.251584,,
47.427737,5128,0.199839,,
6.155557,5751,0.213222,,
10.9129343,3974,0.227293,,
42.1516418,4362,0.196987,,
0.78884,5500,1.386,1.11405,1.13339
92.876125,5797,0.220359,,
25.660593,5812,0.159693,,
12.282356,3933,0.320884,0,0
3.282807,5977,0.0981354,,
7.054346,4262,0.0918904,,
1244,5585,,0.385706,0.385706
4.645387,4613,0.146311,,
5.169796,4648,0.173075,,
4.393147,4796,0.12936,,
33.884054,5603,0.121331,,
3.292781,5684,0.13739,,
410.1,4752,,1.31967,1.31967
8.109044,5571,0.108841,,
363.2,5998,,0.338157,0.338157
12.31043,5178,0.124008,,
1319,5966,,13.1868,13.1868
7.542427,5593,0.150772,,
4.244384,5897,0.148987,,
157.54,4580,,3.34549,3.34549
6.124821,6090,0.139174,,
0.9414529,6400,1.267,10.0636,10.2006
8.886593,6090,1.166,2.95325,2.95364
29.393195,6106,0.237309,,
5.370647,5821,0.220359,,
1260,5317,,3.06257,3.06257
528.40002,5929.74,,1.17965,1.17965
3658,5919.51,,3.1741,3.1741
268.94,4814,,1.51929,1.51929
13.485,6187,0.230858,,0.10946
4.069427,4668,0.145419,,
1035.7,6150,,0.807324,0.807324
2068,5705.54,,1.90944,1.90944
4.1137912,6151,1.286,1.52019,1.52064
0.837495,5627,0.126327,0.0142142,0.0142824
16.259458,6092,0.132037,,
25.262887,6067,0.157909,,
18.794234,3682,0.164154,,
12.56093,5560,0.248907,,
10.613839,5818,0.185565,,
4.22864,6092,0.145419,,
6.958,5780,,0.346328,0.346328
38.715185,5752,0.248907,,
22.824669,6620,0.300651,,
9.62,4977,,0.0211468,0.0211468
350.3,6248.6,,1.3057,1.3057
2.382667,5180,0.232849,,
3.0927616,4675,1.08,3.19034,3.19144
4100,3900,,2.3,2.3
3.735433,6550,1.932,0.507667,0.508547
10.338523,5246,1.01,0.530106,0.530158
6.919798,5816,0.11241,,
54.155743,5804,0.34169,,
778.1,4745,,4.47808,4.47808
1178.4,5558,,2.20004,2.20004
21.853722,5841,0.146311,,
3.936981,5433,0.281916,,
5.470319,5828,0.0999197,,
493.7,5135.09,,1.10505,1.10505
3.14945,3498,,0.00613456,0.00613456
5.212333,3799,0.0918904,,
428.1,4781,,1.37669,1.37669
4.6938,3600,,0.034879,0.034879
11.6092567,5145,0.138158,,
1749.83,5491,,17.3857,17.3857
6.388996,5526,0.255152,,
17.340824,5886,0.132929,,
45.902733,4632,0.118655,,
2.838971,5600,0.916,0.675475,0.675887
2.79736,5500,1.178,1.1719,1.17362
49.567416,5574,0.220359,,
3.306539,3568,0.0972433,,
1001.7,5700,,6.87654,6.87654
875.5,4035,,10.014,10.014
8.180848,5211,0.206977,,
5.91213,4590,0.320884,0,0
20.17202,5274,0.685164,,
2.150009,6001,2.037,0.950561,0.950806
25.63058,,,0.0215524,0.0215524
507,4950,,1.12925,1.12925
3.1915426,6429,1.217,13.0547,13.2849
1114,5820.94,,0.944758,0.944758
37.993273,6050,0.231956,,
157.57,4801,,1.33352,1.33352
9.024389,5886,0.147203,,
386.29999,5901.98,,1.66194,1.66194
95.2738,5625,1.05,0.843564,0.843564
937.70001,4819.64,,1.3637,1.3637
47.84,5303,,0.0982431,0.0982431
763,4761,,2.43233,2.43233
26.84768,5502,0.290838,,
6.562331,5877,0.302436,,
3.1186009,5700,1.008,0.839364,0.842294
2.240508,4204,0.0945669,,
689,5155,,1.51375,1.51375
0,6080,,,
13.726976,5923,0.217682,,
15.79186,5770,0.211437,,
138.506,6407,0.550851,,
17.326644,4954,0.220359,,
39.792187,5417,0.178,,
931,6255,,5.13,5.13
9.6737,4908,,0.0416764,0.0416764
3.6623817,6600,1.7,0.884655,0.887514
3.179997,5851,0.139174,,
32.03,4640,,0.410096,0.410096
143.343,5498,0.784384,0,0.0726872
28.551383,4623,0.169507,,
143.58,4995,,0.368176,0.368176
466,5960,,0.501427,0.501427
16.85837,5036,0.238201,,
256.78,6234,,8.18778,8.18778
3066,5936.41,,3.47646,3.47646
4.9816877,5200,1.063,0.496749,0.496968
9.751962,6085,0.189134,,
4.778,5190,0.167707,0.0124219,0.0123966
525.8,5166,,0.0736073,0.0736073
533,4364,,6.52644,6.52644
2.694047,6390,1.685,0.799609,0.800254
0.45328509,3068,0.0650682,,
379,5656,,5.79721,5.79721
1214,5752,,1.40487,1.40487
163.94,5714,,5.00638,5.00638
35.676062,6165,0.297083,,
7.8773565,4075,0.187182,,
3.101278,5950,1.25,0.626643,0.62
4.57953,5852,0.14185,,
428.5,4428,,10.3722,10.3722
5571,,,2.24099,2.24099
5.6334729,6290,1.157,8.85612,8.87065
3.35524,6373,1.242,0.685652,0.685857
1405,6058,,4.7347,4.7347
3.312433,6387.49,,5.95,8.1356
13.821375,4984,0.156125,,
20.303005,5788,0.175752,,
1049,5836,,0.790506,0.790506
4.662715,5746,0.420198,,
,,,,0.0629
559.40487,5897,,3.06805,3.06805
19.57706,5466,0.0918085,0,0
17.790037,5574,0.251584,,
479.1,4200,,3.73203,3.73203
7.693641,6091,0.209653,,
7.055679,5299,0.198947,,
18.6489525,5858,0.257599,,
10.3039,5663,0.1604,0.01352,0.00597804
499.4,6076,,2.74209,2.74209
13.722341,5638,0.199661,,
31.3309,5400,0.436759,0,0
75.523,5793.95,,0.249652,0.249652
5.690586,5243,0.261397,,
4.885525,5933,1.478,0.436942,0.437758
5.0505,5519,,1.068,1.068
2.3412127,6075,1.3,1.08429,1.091
5.723186,6087,1.107,0.778006,0.779004
105.595,5623,0.387735,,
2831.6,5767,,1.60642,1.60642
66.5419,,,0.0108059,0.0135305
12.610584,6012,0.136497,,
1224,5928.79,,4.39876,4.39876
37.910254,5372,,0.0770689,0.0770689
52.09059,6189,0.677134,,
125.596809,5774,0.263181,,
471.6,4337,,7.12332,7.12332
201.3,6095,,1.0348,1.0348
4.8878162,4780,0.422,0.0825071,0.0825354
4.166972,5642,0.208761,,
8.25978,5117,0.120439,,
55.806,4969,,0.185935,0.185935
6.252972,5120,0.196271,,
10.104665,6075,0.120439,,
18.315,5401,,0.00848679,0.00848679
8.990889,5979,0.231956,,
17.934937,6435,0.122223,,
18.20132,5788.16,,3.57989,3.57989
33.197861,6023,0.164154,,
3416,,,0.644279,0.644279
46.827915,4486,0.215006,,
7.199,3350,,0.0171709,0.0171709
18.746477,5957,0.223035,,
3.89713,6090,1.29,1.10724,1.10792
40.806231,6158,0.297083,,
12.465988,6050,0.523686,,
2.024152,5790,0.177536,,
380,4513,,1.71662,1.71662
7.953528,4985,0.196271,,
4.215,5571,,0.016075,0.016075
10.475464,4465,0.174859,,
354.29,5000,,1.86459,1.86459
11.932125,5593,0.182889,,
3.056536,5860,1.274,0.671507,0.671507
4.124481,5588,1.024,4.07346,4.07833
30.864423,5739,0.213222,,
11.379349,5847,0.34169,,
6.511127,6033,0.237309,,
15.955387,5117,0.173967,,
3.2357,5214,,0.00354639,0.00354639
643.25,5784.28,,1.74552,1.74552
3.1260876,5140,1.16,1.00188,1.00657
377.8,5583.74,,2.4209,2.4209
12.162701,5600,0.14185,,
24.08821,4259,0.0990276,,
1.4857108,5781,1.33,2.47651,2.47943
1773.4,5387.61,,5.21486,5.21486
3.474474,6401,1.827,0.76507,0.766341
34.260281,5413,0.212329,,
3300,,,,0.04
111.7,3191,,2.11299,2.11299
1523,5467,,2.60901,2.60901
6.057342,5297,0.159693,,
13.5405,5774,0.199839,,
345.72,4962,,1.42633,1.42633
15.38231,5895,0.192702,,
1.43037,5620,1.31,2.08495,2.10232
1.732342,5774,0.117763,,
1882,,,0.830886,0.830886
36.445171,4263,0.173967,,
10.349695,6004,0.109733,,
7.810937,5776,0.0936747,,
41.008011,5311,0.202516,,
9.939632,5282,0.119547,,
17.232366,6089,0.262289,,
8.371554,6435,0.101704,,
4.4652934,5975,1.242,0.531143,0.532369
25.672083,6065,0.219467,,
2.4855335,6933,1.61,4.50213,4.57442
8.0109434,3705,0.187182,,
25.762294,6184,0.24177,,
19.986326,5826,0.236417,,
8.436387,5187,0.131145,,
17.91323,5436,0.107057,,
5.925003,5018,0.278348,,
3.53269,6000,1.12,0.559004,0.559059
2.1522254,5200,1.077,0.904818,0.908659
5.341853,5938,0.089214,,
9.439452,5100,0.364885,,
1155,5385.36,,0.357927,0.357927
5.217738,5524,0.0794005,,
60.3231,5498,1.09635,0,2.01385
3.763024,5106,0.130252,,
1311,5999.24,,1.2147,1.2147
4.3176782,5700,1.22,0.581308,0.583354
135.498527,5307,0.551343,,
361.1,5131,,1.14167,1.14167
3.21222,5302,1.08,2.14822,2.15137
2.795906,5243,0.152556,,
0.853585,5275,0.1498,0.0155646,0.0157999
792.6,4911,,1.47372,1.47372
35.118736,5526,0.246231,,
9.576694,5676,0.258721,,
33.416423,6012,0.21679,,
3.446459,5870,1.302,1.85957,1.86507
28.906009,4661,0.0624498,,
111.4367,5572.51,1.029,3.89024,3.89054
16.709184,4623,0.189134,,
2.455239,3820,0.96,0.510798,0.511499
5.398763,5793,0.205901,0.0238819,0.026183
9.694928,5895,0.189134,,
2.17517656,6100,1.7,0.877779,0.883997
190.323494,5854,0.729771,,
1475,6326,,6.62738,6.62738
107.723601,5885,0.347043,,
56.228098,4914,0.223927,,
219.3,5997.1,,1.58936,1.58936
20.306546,4321,0.146311,,
4.362705,5526,0.145419,,
19.446355,5816,0.270319,,
21.869741,6239,0.140958,,
45.348269,5577,0.100812,,
66.64,3498,,0.0191104,0.0191104
302.8,6097.36,,2.04683,2.04683
1862,5500.24,,0.68665,0.68665
24.3556,4975.16,,0.639382,0.639382
1920.1,5767,,3.50088,3.50088
31.805174,5852,0.244446,,
38.5583038,5858,0.282556,,
4.915379,5740,0.157909,,
8.921099,6090,0.123115,,
10.558345,5631,0.10438,,
1.30618581,5650,1.336,1.87299,1.91
2.061897,6021,0.14988,,
6.673859,5485,,3.87441,3.87441
45.29485,5627,0.198671,0,0
49.77,5599,,0.0565295,0.0565295
36.924931,5938,0.240878,,
9.653471,4731,0.245339,,
30.826557,5560,0.278348,,
44.699576,5502,0.280132,,
2.1451,5326,,1.84394,1.84394
3.162697,5821,0.22928,,
3.234723,5647,1.323,0.668332,0.669376
20.050401,5554,0.206084,,
910,5069,,1.51716,1.51716
34.060467,5908,0.242662,,
16.725948,5787,0.110625,,
604,6095,,2.46312,2.46312
2.927128,5617,0.117763,,
91.353282,6077,0.160585,,
15.274299,5828,0.196271,,
6.27711,5960.48,,1.79992,1.79992
12.883,5755,0.211,,
4.234516,5079,0.565,0.0586313,0.0586489
20.834237,5299,0.209653,,
6.098493,5466,0.0773688,0,0
19.850242,4249,0.203408,,
4.072,5884,,1.32811,1.32811
18.16406,4925,0.173812,,0
1966.1,5740,,1.34632,1.34632
77.473633,4465,0.223035,,
5.326718,5847,0.220359,,
6.308205,5190,0.269426,,
962,4962,,0.640416,0.640416
116.6884,5544.6,,7.46144,7.46144
122.1,5630,,0.0509774,0.0509774
5.6,4746,,0.045941,0.045941
4.309427,5857,0.13739,,
2.99433,6440,1.43,2.33146,2.34813
14.871572,3591,0.125792,,
41.809118,5790,0.192702,,
4.081423,4493,0.082969,,
15.054786,5617,0.165938,,
2.64385,3350,0.3767,0.0725512,0.0726979
4.761702,5790,0.255152,,
4.302149,5333,0.177536,,
25.745718,6108,0.138282,,
8.005777,6031,0.21679,,
1.3283,,,18.4135,18.4135
14.589347,5147,0.200732,,
3.577469,5800,1.16,1.79324,1.79362
9.848183,5829,0.178428,,
2496,5746,,1.5591,1.5591
18.643577,5018,0.175752,,
4.337234,5388,0.148987,,
2127.7,5904.28,,9.26951,9.26951
21.347262,5776,0.201624,,
4.457243,6080,1.73,0.619927,0.6202
745.7,4361,,5.31949,5.31949
87.090195,4997,0.230172,,
11.008151,4351,0.190026,,
39.8449,5822.58,,1.06409,1.06409
15.660544,6169,0.232849,,
2.461069,5378,0.0740476,,
5.996553,6021,0.284593,,
8.472382,5360,0.21679,,
7.518496,5274,0.174859,,
12.691112,5960,0.163262,,
711,5067,,7.40012,7.40012
1770,4884,,1.06828,1.06828
8.307872,5329,0.181104,,
9.3761368,6058,0.248685,,
606.4,,,2.6885,2.6885
25.563222,6248,0.314926,,
77.095691,6248,0.357748,,
2.403679,5979,0.0972433,,
3600,,,,3.8
,,,,2.6
885.5,5500.24,,0.648109,0.648109
4270,5704.36,,2.61546,2.61546
51.638,6067.98,,1.77342,1.77342
13.817124,5731,0.133821,,
5.8881,6489,,0.368054,0.368054
3.024095,6041,1.2,3.21573,3.23143
13.930698,5797,0.106165,,
10.08881,5433,0.413953,,
7.8457,6102,1.193,0.431127,0.43122
4.353011,5826,1.389,0.477697,0.479386
12.883,5755,0.211,,
4218,5829,,1.88123,1.88123
40.101371,6099,0.262289,,
5.508023,4803,0.995,0.197162,0.197205
6.475434,5036,0.164154,,
391.9,5760,,0.807031,0.807031
0.813475,4400,0.93,1.7613,1.77609
43.595792,4625,0.30422,,
21.0874,6260,1.22,18.1767,18.1805
185.84,4813,,4.68383,4.68383
9.360672,5739,0.144527,,
3.701212,5913,0.157909,,
10.3376,5750,0.320884,0,0
8.14561,5800,0.213923,0,0
4.646186,4954,0.135605,,
9.77,4648,0.252,,
952.7,4845,,4.31096,4.31096
4.2568,6740,1.01,21.799,21.8549
12.509529,5949,0.124008,,
100.283134,6239,0.223035,,
4.640382,5330,0.825,0.267451,0.267569
14.85888,5383,0.622714,0.0515706,0.0516
3.930821,6045,0.106165,,
18.010199,6003,0.138282,,
2.566546,6043,0.136497,,
310.54999,5784.28,,0.543322,0.543322
15.771044,5594,0.262289,,
12.125934,5826,0.12936,,
1187.3,6097.41,,11.6809,11.6809
9.825792,6250,0.230172,,
21.997999,5835,,0.397195,0.397195
674.59998,4869,,1.6984,1.6984
44.840975,4954,0.202516,,
3.783986,5208,0.145419,,
8.115317,5938,0.249799,,
141.60001,6208,,1.08667,1.08667
282.5255,5629,0.902041,,
1.9000693,5440,1.31,3.48002,3.48652
11.32972,5821,0.128468,,
418.20001,6021,,2.51504,2.51504
3.132924,5018,0.124008,,
2.75564,4321,0.134713,,
,,,,0.23
0,6080,,,
1.58040482,3026,0.2389,0.0203507,0.0203507
83.446393,6081,0.301543,,
11.448708,6090,0.103488,,
17.028937,5835,0.234633,,
798.5,5674.41,,1.63997,1.63997
3.652836,5500,1.19,0.566683,0.567181
42.473269,6012,0.177536,,
882.7,5967.95,,4.53249,4.53249
14.425281,5502,0.0856455,,
8.01041,6012,0.151664,,
43.130617,5835,0.222143,,
20.026218,5228,0.177536,,
262.70861,5742.75,,2.3408,2.3408
38.90861,,0.823,0.16858,0.168671
2520,6067.98,,8.24664,8.24664
15.31299,5211,0.198947,,
6.766888,5105,0.107949,,
40.114,5401,,0.00743617,0.00743617
42.6318,6340,0.374365,0,0
26.444,5512,0.357,,
7.240193,4954,0.209653,,
25.216751,5436,0.113302,,
696.3,5314,,10.0105,10.0105
1544,5985,,1.49247,1.49247
13.060022,5166,0.0704791,,
59.87756,4017,0.191639,,
28.13,3350,,0.0134408,0.0134408
1155.7,5710,,0.730294,0.730294
9.522,4613,0.249,,
10.937304,5297,0.200732,,
3.24674,5757,1.24,1.01508,1.02109
177.11,4825,,5.22845,5.22845
2.580827,5299,0.117763,,
11.094286,6043,0.360425,,
3.25427,6077,0.143635,,
36.277108,5100,0.270319,,
323.6,4683,,2.71808,2.71808
23.668205,5711,0.27924,,
16.568087,5265,0.238201,,
51.078775,4991,0.320278,,
3.97097,5668.45,,0.232142,0.232142
3.281959,6209,0.130252,,
2151,5949.91,,10.088,10.088
1275,6024,,1.3131,1.3131
2.8758911,6160,0.654,0.359837,0.361471
3.886803,4048,0.101704,,
22.714613,5786,0.319386,,
5405.7,,,0.239279,0.271
55.188023,6169,0.224819,,
67.831024,5835,0.231064,,
1.3371182,4645,1.144,2.483,2.48409
19.254196,5804,0.273887,,
7.650254,5413,0.202516,,
1353,5848.71,,2.16817,2.16817
2.691548,6820,1.413,1.72579,1.72959
53.578637,4710,0.107057,,
14.970418,5727,0.225711,,
7.381998,5560,0.3292,,
114.73635,5600,1.21,1.0213,1.02138
2.204737,6389,1.363,1.77867,1.7916
6.827766,4204,0.103488,,
98.2114,,,0.0089751,0.0122719
4.94737,5662.28,,0.101571,0.101571
442.4,5997.1,,1.58935,1.68512
26.234138,6175,0.174859,,
6.87188,6180,1.09,2.70891,2.70901
157.072878,5594,0.301543,,
5.7361,5370,,0.0498139,0.0498139
13.2907,5750,0.25849,0,0
3724.7,5940,,1.44975,1.44975
3.361006,5450,1.224,0.521174,0.52136
13.137471,5764,0.157909,,
6.195469,4997,0.107949,,
352.3,5558,,0.73,0.73
330,5240,,0.227816,0.227816
,,,,4.5
20.739886,5128,0.169507,,
10.05537,5212,0.0767241,,
7.416397,4257,0.1249,,
2.735926,5302,0.146311,,
5.433074,5232,0.127576,,
56.47542,5797,0.301543,,
4.977656,5631,0.126684,,
30.950851,4984,0.0990276,,
16.3850021,4075,0.16400700000000001,,
383.70001,5582,,1.16502,1.16502
2.788491,5960,1.254,1.05391,1.05561
4.164389,3810,0.211437,,
11.38848,6335,0.213222,,
572.38,5726.63,,7.63003,7.63003
4.125103,5595,0.0820769,,
228.776,4450,0.7538,0.333,0.333
22.7802,3793,0.240663,,
15.5741568,5843,0.254925,,
1.21986983,7430,1.497,0,0
454.2,4965.42,,1.4572,1.4572
,,,,27.1766
2172,4962,,0.535482,0.535482
3.030065,5230,1.067,0.752484,0.752484
828,5600.17,,0.807457,0.807457
122.3874,4925,0.143507,,0
6.312501,4096,0.19181,,
777,6297,,1.96509,1.96509
13.2406,5075,0.97,2.75448,2.75536
516.22,4340,,11.0873,11.0873
5.914323,5580,0.118655,,
24.310856,5923,0.208761,,
4.411953,6230,1.39,0.562022,0.56227
40.714955,5986,0.200732,,
2732,4959,,2.36493,2.36493
33.653079,4942,0.322063,,
1300,4876,,1.9747,1.9747
6.23855,6190,0.23175,0,0
17.0431,4954.92,,0.106179,0.106179
7.406097,4796,0.122223,,
3.546511,6002,0.192702,,
1733,5056,,0.26689,0.26689
34.21154,4955,0.105273,,
1378,5892.35,,2.8434,2.8434
3.722465,4800,0.91,0.539752,0.539755
1143,5494,,6.84182,6.84182
25.827,5963.63,,0.176652,0.176652
21.2234,5479,0.248907,,
479,5040,,1.56395,1.56395
57.435,,,0.354314,0.354314
2.818049,4841,,0.384566,0.384566
392.6,4658,,1.2654,1.2654
12.4417,4925,0.0481326,,0
67.968015,5666,0.158801,,
714.3,4545,,6.63106,6.63106
9.488015,5854,0.277456,,
13.17562,5904,0.28523,,
10.300682,6165,0.208761,,
19.382,6255,,0.865,0.865
2457.8717,6069.67,,1.74473,1.74473
1.51214,6035,1.09,7.56823,7.69464
25.751974,5232,0.223927,,
31.781925,5526,0.2043,,
3.072186,4613,0.155232,,
5.931194,4508,0.186457,,
39.459357,6175,0.222143,,
9.20205,6190,1.19,0.717419,0.717419
4.008778,4990,1.132,0.292129,0.292273
3452,5605,,2.57917,2.57917
12.3318,5800,0.249577,0,0
303.158,5636,0.419091,,
8.631,,,0.033876,0.033876
31.517586,5736,0.253368,,
41.02902,5904,0.39754,,
5.968734,6142,0.305112,,
4.901425,5851,0.161477,,
27.434389,6031,0.231956,,
96.101141,5796,0.336337,,
0,6080,,,
1120,5940.77,,5.92499,5.92499
7.930592,5679,0.285485,,
16.23855,5911,0.327926,0.0254888,0.025489
20.477912,5100,0.351503,,
11.5789,6165,0.182889,,
2.615838,5340,0.983,0.566435,0.56654
16.738661,5100,0.24177,,
12.794585,4096,0.136497,,
9.182417,6189,0.115086,,
22.6845,5663,0.2781,0.0191935,0.0229683
986,6075.15,,0.803694,0.803694
6.1335,5600,,2.13623,2.13623
4.37808,5550,1.43,0.377818,0.378096
29.334,5498,0.347625,0,0.035557
28.7798,6169,0.190026,,
1290,,,7.77836,7.77836
2.936532,5626,0.133821,,
3.553822,5987,0.145419,,
4.224537,6031,0.123115,,
6.87745,4258,0.190026,,
2.77596,6158,1.289,4.1951,4.2025
3.553945,6200,1.783,0.913019,0.925
19.271566,3767,0.172183,,
677.8,4445,,9.88561,9.88561
10.687576,5788,0.210545,,
1056.8,,,4.89701,4.89701
7.1316185,5915,0.203227,,
15.228958,5460,0.272995,,
14.496481,5020,0.178428,,
32.625555,5588,0.380052,,
1353.6,5675,,0.348285,0.348285
57.24809,5643,0.284593,,
11.189562,6186,0.165046,,
5.262155,5600,0.117763,,
950.69651,5485,,0.5806,0.5806
16.087845,5513,0.201624,,
26.695074,6089,0.132037,,
1299,4878,,1.89038,1.89038
17.9801235,6074,0.176486,,
,6080,,,
13.19722,4942,0.362209,,
105.356383,4713,0.223927,,
127.282184,5740,1.11071,,
2770,5607.39,,9.68782,9.68782
3.21346,5857,0.357,0.0772272,0.0772279
1038.1,5628,,1.90296,1.90296
9.4909,5119,0.208761,0.024749,0.024739
10.381227,5098,0.194487,,
5.7293196,5145,0.195205,,
11.903515,6064,0.228388,,
1.678327,5987,0.127576,,
27.014976,5949,0.183781,,
2890,5601,,11.0869,11.0869
62.784697,6054,0.2043,,
912,4973,,1.85721,1.85721
265.469335,5796,0.370238,,
9.522,4613,0.249,,
6.40013,5302,0.178428,,
762,,,1.20645,1.20645
3.57532,5900,1.007,10.371,10.3882
7.186434,6053,0.187349,,
13.060855,5841,0.121331,,
5.629021,6152,0.0883219,,
13.193242,6282,0.239986,,
44.552169,6031,0.196271,,
2166,5897.77,,1.79148,1.79148
1314,5543,,2.2924,2.2924
2.7817387,5600,1.115,0.376728,0.378231
6.097326,5918,0.148987,,
21.301886,5417,0.066,,
27.9481449,4362,0.216597,,
356,4966,,2.17173,2.17173
164253,7193,1.2,,7
3.4442,5192,,0.477325,0.477325
2.971353,5297,0.127576,,
10.065275,3767,0.15434,,
58.11247,5491,,7.69745,7.69745
5.535309,5787,0.121331,,
56.633742,5918,0.238201,,
122.72,5911,,0.0743252,0.0743252
963.6,5616.04,,1.83614,1.83614
31.559999,5360,,0.0367709,0.0367709
2.785755,6131,0.1459,0,0
16.332995,5212,0.110625,,
3.614568,5593,0.103488,,
6.738088,5166,0.0731555,,
14.844387,6620,0.225711,,
67.844469,5877,0.273887,,
4.0845,5675,,0.071203,0.071203
3.940997,5571,0.138282,,
2.70339,6304,1.358,1.454,1.46164
85.3128662,5803,0.508958,,
331.5,4962,,1.14357,1.14357
5.349555,5571,0.202516,,
594.90002,4946,,7.67663,7.67663
31.9996,5663,0.373377,0.0264262,0.0264312
12.51616,6209,0.159693,,
130.08,6067.44,,0.5122,0.5122
19.305772,5918,0.25426,,
9.176092,5905,0.151664,,
50.790412,6169,1.00812,,
2500,5145.75,,1.05448,1.05448
242.4613,5638,0.15242,,
63.335879,4249,0.159693,,
591.9,5758.36,,1.9,1.9
4.134444,6043,0.240878,,
17.111027,5551.63,,0.0589738,0.0589738
10.7421,5760,0.28523,0,0
16.092361,4661,0.0669105,,
613.09998,5666,,1.21636,1.21636
23.22182,5807,0.180212,,
1.2137672,3068,0.0695249,,
16.257582,5852,0.0972433,,
5.841648,4249,0.19181,,
4.612696,6133,0.140066,,
2.91625,5653,1.281,0.8514,0.85708
4.311792,5554,0.246231,,
2.64561,,,0.0221881,0.0221881
19.243158,,0.842,0.248865,0.248945
10.7085,5308.11,,1.04309,1.04309
87.648901,6034,0.406816,,
58.034616,5502,0.168615,,
14.667108,5739,0.157909,,
49.183921,5854,0.771701,,
17.265427,6177,0.118655,,
3.410493,4984,0.0651262,,
20.729042,5208,0.180212,,
17.738506,5282,0.165938,,
277.02,4770,,1.70083,1.70083
3.341815,5952,0.140958,,
990,6080,,4.37946,4.37946
3.340222,4255,0.198947,,
3.023573,5285.42,,0.227201,0.227201
9.67395,5190,0.241738,0.0459814,0.045968
5.188549,4605,0.11241,,
11.9016171,5915,0.227293,,
6.790123,6395,1.136,8.40643,8.40643
7.21205,6224,0.313141,,
4.03519,5945,0.885,1.3102,1.31099
436.9,5046,,2.12353,2.12353
1944.5898,5372,,0.608106,0.608106
5.452654,6442,1.197,3.32973,3.334
,,,,1.5
20.8613,6340,0.383278,,
12.513,5497,0.194,,
47.903645,5786,0.250691,,
16.239494,5190,0.363101,,
1125.7,4700,,10.0754,10.0754
5.7727,5765,,0.0240044,0.0240044
92.743711,4351,0.16237,,
2.810595,6304,1.34,0.706657,0.711088
30.133001,5526,0.247123,,
2.711506,6224,0.330092,,
13.367308,5417,0.0270078,,
10.423118,5938,0.0981354,,
1313,6136,,0.682196,0.682196
3.257215,5680,1.212,0.627451,0.627833
12.247629,5956,0.174859,,
431.88,5701.69,,2.08215,2.08215
32.134328,4347,0.146311,,
6.4948,5054,,0.951497,0.951497
37.866281,5788,0.12936,,
22.407793,4048,0.118655,,
13.093921,5740,0.206977,,
14.172327,5900,0.159693,,
318498,8590,1.2,,0.5
8.7832,,,0.0259969,0.0259969
730.6,5927.07,,2.4433,2.4433
71.484,5667.87,,7.29127,7.29127
5.01718,5800,1.37,0.890462,0.891379
9.767292,5554,0.182889,,
5.47666,4648,0.164154,,
30.160546,4991,0.363101,,
8.428198,4844.67,,15.2138,15.2138
5.687945,5888,0.183781,,
,,,,3.7
7.972513,4559,0.322955,,
29.022358,5788,0.222143,,
6.404,5563.62,,0.245103,0.245103
30.0881,,,0.612168,0.612168
10.854092,5466,0.273643,0.0494862,0.0495058
49.514,5636,0.265621,,
3.621457,4249,0.0838612,,
4.028751,6090,0.108841,,
8.187399,5250,0.17932,,
9.946047,5573,0.26675,,
3.93404,5113,,0.020855,0.020855
267.291,4925,0.12568,,0
3341.5588,5468.12,,0.956901,0.956901
8.9193459,5915,0.220162,,
34.989262,4262,0.117763,,
7.1268163,5704.36,,1.40112,1.40112
4205.8,5784.28,,1.88907,1.88907
615,5386,,0.295018,0.295018
60.418955,5360,0.24177,,
7.3709,3600,,0.0181986,0.0181986
12.62,6123,,1.13,1.13
13.969457,3799,0.15434,,
5.005425,6065,1.07,2.16627,2.16904
1.4324752,4790,1.093,1.25508,1.26
13.121632,6133,0.161477,,
1.855558,5660,0.841,0.493327,0.493545
11.476094,6067,0.17932,,
20.46,4977,,0.028076,0.028076
2443,5552,,2.54762,2.54762
124.26,,,0.039229,0.039229
2102,6221.43,,4.06407,4.06407
2391,5882.31,,0.545774,0.545774
8.306,5497,0.176,,
32.273273,5727,0.22928,,
23.637604,5644,0.277456,,
2.940309,5526,0.209653,,
14.788759,5829,0.265858,,
3.289672,6053,0.147203,,
4.60182,5206,0.208761,,
12.79836,6088,0.175752,,
358,5432,,0.643827,0.643827
8.586004,6171,0.165046,,
788,5186,,0.131884,0.131884
47.318218,6117,0.19181,,
6.885875,5617,0.236417,,
8.408878,5544,0.210545,,
52.661793,4508,0.199839,,
7.410935,5524,0.089214,,
36.065978,4699,0.22928,,
1.3600309,5500,1.21,0.119555,1.76
10.945723,5888,0.243554,,
34.763278,5666,0.168615,,
0.736546,5196,0.185565,0.0261924,0.0263671
431.7,4640,,0.528573,0.528573
456.10001,6304,,3.11535,3.11535
1.7637,8500,1.83,,
345.53,5141,,2.29191,2.29191
96.678988,5676,0.352395,,
1.772419,6115,0.115086,,
5.03503,5888,0.125792,,
5.195528,6012,0.105273,,
19.738286,5905,0.127576,,
663,4965,,3.14944,3.14944
883,4927,,2.24115,2.24115
62.303276,5690,0.263181,,
12.758005,5828,0.127576,,
20.053763,6509,0.186457,,
14.435889,6106,0.1249,,
472.3,5752,,0.589265,0.589265
691.9,4904,,2.7597,2.7597
15.3348,5400,0.356538,0,0
2.453234,4559,0.262289,,
6.87349,6510,1.17,2.17681,2.17684
11.463462,5642,0.228388,,
22.92881,4465,0.172183,,
17.28111,4347,0.164154,,
672.1,3935,,11.1883,11.1883
8.129976,5736,0.157017,,
3.54387,6430,1.571,0.598375,0.599196
2.7566,5059,1.32,1.00876,1.01746
2.9036747,6050,1.5,2.24554,
655.6,4714,,5.12319,5.12319
1.93778,,,0.0184193,0.0184193
19.747412,6115,0.281024,,
1.2119189,6050,1.363,1.35448,1.39
7.824904,4255,0.114194,,
76.732171,5948,0.27924,,
30.092568,6509,0.150772,,
4.973456,5094,0.205192,,
14.310195,5674,,0.803263,0.803263
14.613612,6189,0.118655,,
16.399235,6165,0.177536,,
621.99,4259,,6.90191,6.90191
5.885273,6075,0.118655,,
528.07,5027,,13.8403,13.8403
11.131786,6092,0.107057,,
29.221289,5580,0.157909,,
37.054919,5643,0.272995,,
2082,4892,,4.4772,4.4772
,,,,0.0327
6.791636,5774,0.0918904,,
380.85,4795,,2.00901,2.00901
3.92289,6350,1.4,0.775153,0.776601
31.7844,5904,0.358929,,
17.406669,6091,0.271211,,
17.784129,6012,0.146311,,
9.2869944,5541,0.197074,0,0
8.457458,5884,0.0909983,,
13.699087,5857,0.322063,,
3.071571,5920,0.133821,,
12.699149,5615,0.199839,,
2.248329,5105,0.135605,,
48.056,5797.24,,0.212171,0.212171
10.222157,5678,0.14185,,
4.807091,5744,0.17932,,
0,6080,,,
15.368459,3568,0.140066,,
4.230785,5786.68,,0.461143,0.461143
4.3050011,5900,0.86,,
5.774464,3810,0.0660184,,
6.941357,5526,0.234633,,
18.870227,5404,0.260505,,
261.2,5196,,0.172877,0.172877
13.233549,5751,0.273887,,
46.90232,5404,0.225711,,
2.245715,5997.91,,0.39615,0.39615
21.526258,5603,0.10438,,
,6234,,,4
10.863502,5568,1.072,1.9513,1.95154
18.998355,5897,0.248015,,
3.52474859,6065,1.359,0.68851,0.689646
127.58,4807,,4.10898,4.10898
9.3743,4962,,0.0237331,0.0237331
3.0965828,5814.99,,0.510056,0.510056
10.8985,6156.24,,0.257999,0.257999
51.538,5512,0.477,,
3.8559,6250,1.24,2.05477,2.05491
10.2184954,5843,0.247794,,
20.09838,6054,0.148095,,
4.920199,5900,0.095459,,
567.94,5113,,0.327524,0.327524
6.738975,3682,0.107057,,
3.7681,5740,1.02,2.45898,2.46001
90.309,5401,,0.0147932,0.0147932
136.75,4714,,1.77912,1.77912
388,6250,,9.12785,9.12785
264.15,6089.29,,4.02224,4.02224
12.9182,3498,,0.0167756,0.0167756
5.75962,5911,,0.0415054,0.0415054
3.405909,6302,1.537,0.477154,0.479329
5000,5749.68,,0.804926,0.804926
28.986769,5888,0.218574,,
4.3115,4977,,0.0129071,0.0129071
67.093408,5644,0.289946,,
21.963945,5774,0.232849,,
6.178196,6003,0.107949,,
511.098,4528,,9.31534,9.31534
394.48124,5550.95,,1.2902,1.2902
17.648312,5160,0.194487,,
5.839172,5551,0.221251,,
4.938864,6105,0.125792,,
360.2,4959,,2.37727,2.37727
5.028219,5977,0.11687,,
31.200751,4710,0.110625,,
1561,5903.55,,7.74272,7.74272
12.645164,5603,0.108841,,
39.595519,5642,0.168615,,
1845,6160,,0.956204,0.956204
2.985698,5453.4,,0.395855,0.395855
20.342199,5806,0.207869,,
1.5373653,5881,1.269,2.25537,2.26929
4.822962,5696,0.208761,,
25.934138,6081,0.227496,,
36.959999,6200,,2.49717,2.49717
14.400974,5812,0.225711,,
55.328328,5381,0.143635,,
335.1,6300,,9.87792,9.87792
3.852985,6570,1.33,1.05632,1.05957
131.458,,0.728,0.127,0.127011
22.250949,5307,0.219467,,
82.20017,5770,0.227496,,
11.419412,4493,0.0901062,,
4.138575,5123,0.11241,,
8.20395,5020,0.232849,,
10.312364,4079,0.0544206,,
3.244107,5376,0.134713,,
25.262,,,,0.0000629267
237.6,4746,,0.328101,0.328101
269.29999,4415,,7.13242,7.13242
1.420033,4861,1.164,1.08272,1.08979
1075.2,5680.44,,6.23505,6.23505
2.092281,6089,0.134713,,
10.04156,5243,0.243554,,
44.431014,5923,0.267642,,
2.896,3793,0.133702,,
324,6576.58,,2.83,2.83
31.158799,5948,0.330984,,
46.6888,5663,0.221888,0.00723,0.00723031
379.63,4259,,11.8883,11.8883
12.759712,5232,0.231956,,
9.6386,5784.28,,0.0345873,0.0345873
62.218,5220.58,,0.228975,0.228975
0,6080,,,
868,4932,,1.40289,1.40289
4.790936,5526,0.118655,,
225.62,6221.43,,2.88946,2.88946
3.715335,5299,0.131145,,
297.3,5111,,0.52763,0.52763
4.385315,5194,0.101704,,
7.156804,5160,0.203408,,
1383.4,5787.84,,2.33098,2.33098
5.923653,4713,0.139174,,
176.3,4757,,2.97219,2.97219
24.570858,5098,0.178428,,
9.600001,5867,0.187349,,
610,4821,,1.97113,1.97113
121.71,4284,,1.88274,1.88274
10.664903,6012,0.181997,,
1707.8812,5742.75,,1.9487,1.9487
4.4379637,5947,1.695,0.431855,0.431956
41.194912,5120,0.343474,,
0,6080,,,
1.327347,5560,1.264,1.83475,1.83923
3.161575,5990,1.32,0.716644,0.717098
197,5360,,0.0563373,0.0563373
1116,5664,,1.1614,1.1614
184.02,4753,,2.6907,2.6907
442.19,5555.23,,1.27275,1.27275
6.414914,6003,0.114194,,
3.352059,6250,1.49,,
1.653888,5388,0.0901062,,
82145,7193,1.2,,9.5
45.1555023,5803,0.628398,,
6.668391,4208,0.109733,,
3.941534,5750,1.206,0.918265,0.918464
9.4341505,5576,6.11,,
21.77596,5904,0.477,,
44.851896,5806,0.290838,,
7.49019,5100,0.22928,,
12.8159,5825,0.19627085,,0.00267
41.885775,5731,0.268534,,
5.902206,5428,0.220359,,
77.61184,5466,0.24512,0.0236858,0.0236865
5.374943,6171,0.198947,,
46.183669,4255,0.198055,,
54.418694,5854,0.271211,,
8.348125,4997,0.111518,,
5.826662,5957,0.345258,,
81.065298,6189,0.299759,,
12.718092,4699,0.207869,,
14.651,5196,,0.801471,0.801471
7.630004,6045,0.113302,,
22.597053,5577,0.0999197,,
50.697494,6335,0.245339,,
72.379334,5502,0.34615,,
7.340718,6050,1.32,0.665099,0.66711
161.97,5710,,0.564176,0.564176
5.118,5725,,0.397418,0.397418
4.465633,5900,1.3,0.57116,0.571173
2.139542,5744,0.12936,,
12.762172,5752,0.226604,,
18.179001,5995,,0.330171,0.330171
4.0161,5040,1.051,0.548481,0.55
,,,,0.83
49.747,5911,,0.0797893,0.0797893
1.6329,5208,0.10438,,
4909,5196,,3.54451,3.54451
1.846834,6400,1.29,2.00437,2.01184
1027,6308,,0.847612,0.847612
14.627119,5526,0.200732,,
20.684342,6250,0.306004,,
1.4822446,5171,1.209,1.77,1.7781
18.596108,4252,0.139174,,
3999,5765,,2.02633,2.02633
26.67569,5502,0.127576,,
34.035257,6064,0.276563,,
20.485435,4940,0.315818,,
188.3,5583.74,,2.8556,2.8556
8.594805,5678,0.190026,,
2597,5723.69,,1.8189,1.8189
21.587475,6050,0.196271,,
63.330002,6075,,1.2223,1.2223
359.51001,6138,,11.0076,11.0076
3.504725,5383,0.17843,0.0216244,0.022
41054,7193,1.37,,9.5
1.212884,5905,1.368,2.0884,2.09606
26.73,6037,,0.714594,0.714594
13.297004,4498,0.0767241,,
11.187161,5206,0.133821,,
521,4897,,1.79425,1.79425
4.144495,4985,0.122223,,
17.25204,3933,0.320884,0,0
27.082511,5848,0.300651,,
2288,3370,,0.824243,0.824243
7.781987,5764,0.107057,,
289.8623,5518,0.2125,0,0
9.605085,5793,0.0849452,0.0137538,0.015142
10.446347,5986,0.148987,,
31.719775,5960,0.197163,,
1.865169,3068,0.0508067,,
49.499875,5036,0.306004,,
1086,,,3.03499,3.03499
194.3,5760,,0.819484,0.819484
5.317429,5983,0.178428,,
2.732756,3591,0.100812,,
74.72,5166,,0.0531258,0.0531258
24.664551,5180,0.441609,,
15.170318,6175,0.200732,,
2.422082,5595,0.321171,,
1.5732918,5550,1.271,1.2691,1.27137
2.019999,5106,0.139174,,
4.6171363,6212.65,,0.669277,0.669277
21.4050484,4931,0.699706,,
4.715106,4861,0.125792,,
19.721734,5829,0.214114,,
2.1375,6028,,1.49595,1.49595
68.27,5844,,0.768085,0.768085
20.837846,4500,0.107949,,
580,5793,,0.845413,0.845413
54.280749,6090,0.156125,,
15.677563,6004,0.108841,,
7.05677,6177,0.135605,,
27.666313,6012,0.165046,,
923.8,4965.42,,3.24848,3.24848
59.980627,6108,0.19181,,
38.285489,5617,0.16683,,
3.6313,5900,1.05,3.07662,3.0853
11.837549,5774,0.0794005,,
20.995694,4252,0.136497,,
4.055259,5400,1.27,0.284135,0.284338
4.585512,5786,0.263181,,
61.1166,,,1.9469,1.9469
10.043686,6326,0.243554,,
1.897806,5977,0.0918904,,
34.142347,4249,0.156125,,
282.4,5922,,0.480333,0.480333
30.052,5793,,0.698769,0.698769
772,5016,,2.8638,2.8638
5.714606,5573,0.138282,,
5.599308,6004,0.0909983,,
11.637071,5888,0.202516,,
4.431222,5847,0.274779,,
9.387427,4504,0.107057,,
3.0678504,4145,0.952,0.551763,0.551763
420.77,5028,,1.63682,1.63682
18.207973,5088,0.248907,,
8.6669998,5360,,0.0316488,0.0316488
3.52254,6213,1.419,0.582607,0.585742
20.678772,5867,0.211437,,
8.410894,3903,0.123115,,
83.9151,5952.51,,11.6351,11.6351
33.040532,5690,0.201624,,
38.021,5571,,0.0333747,0.0333747
43.6,5312,,0.468448,0.468448
8.103636,4861,0.185565,,
4.627669,6600,1.15,2.22166,2.23603
8.77501,5497,0.153448,,
13.751243,5815,0.156125,,
4.180043,5272,0.321171,,
2.576549,4252,0.142742,,
3.250619,4997,0.100812,,
4.086052,6600,1.39,2.30754,2.31346
2.5485799,5636,,1.86902,1.86902
7.061149,3944,0.101704,,
4.425391,6282,0.130252,,
10.5034294,4931,0.342276,,
874.774,4978,,2.20888,2.20888
2.090876,5751,0.15434,,
24.674612,5460,0.186457,,
3.428054,5560,0.111518,,
396.03,4917,,22.6261,22.6261
359.89999,4650,,4.96206,4.96206
5.795278,3903,0.0794005,,
8.1352,4640,,0.0365708,0.0365708
36.337373,5723,0.473726,,
8.295611,3750,0.140066,,
255.87,5787.84,,16.8244,16.8244
1.6284229,5880,1.14,1.62047,1.62423
0.35500744,5089,0.103396,,
10.198545,4503,0.14185,,
5.960392,5378,0.258721,,
1.7429935,5625,1.466,3.27343,3.27527
10.640263,6105,0.238201,,
6.581484,5180,0.482648,,
1680.3835,5550.95,,1.02837,1.02837
,,,,11
34.543901,5930,0.21679,,
23.851549,6033,0.273887,,
825,5082,,0.945722,0.945722
2248,5911,,0.206033,0.206033
326.6,5049,,1.41137,1.41137
11.242861,6090,0.130252,,
2.875317,4595,0.867,7.27817,7.28953
5.3978,5177,,0.0291185,0.0291185
4.0378962,6100,1.388,0.461312,0.462537
4.1591399,5400,1.15,1.13635,1.13646
52.814973,6089,0.214114,,
,,,,0.53
13.83989,5911,0.132454,0.0140374,0.0140379
4.921355,5078,0.189134,,
3.646706,6096,1.332,1.05305,1.05422
439.3,5272.39,,0.504198,0.504198
10.281951,5208,0.236417,,
3.54846,6297,1.431,2.11222,2.11663
7.06424,5078,0.182889,,
1003,6104.96,,0.925037,0.925037
8.457496,4347,0.16237,,
8.98597,4590,0.303057,0,0
3.177422,5311,0.208761,,
1.720861232,5750,1.325,9.32773,9.4469
241.33335,6212.65,,1.91855,1.91855
16.665863,5679,0.255152,,
5.766193,6050,0.208761,,
1.09142245,6300,1.79,1.34899,1.36063
1.729366,5272,0.160585,,
1145,5810,,0.668676,0.668676
2.633867,5411,0.119547,,
3.41587,5438,,0.296108,0.296108
1333,6254,,2.9439,2.9439
455.2,5069,,1.83564,1.83564
1136.1,5347.98,,5.94193,5.94193
12.551158,4259,0.117763,,
19.02293,5852,0.170399,,
1789.72,,,,0.727
224.784608,5952,0.651262,,
28.464515,4258,0.202516,,
956,5781,,0.37199,0.37199
44.38,5196,,0.164558,0.164558
842.2,5910,,0.732711,0.732711
3.487691,5570,0.523686,,
181.4,4681,,3.07016,3.07016
10.327186,5788,0.0785083,,
2.508553,5815,0.120439,,
7.031462,6090,0.111518,,
14.751166,5654,0.153448,,
12.309681,6363,0.322955,,
17.990999,4875,,0.617925,0.617925
131.05,5453,,9.7848,9.7848
5.868075,5920,0.295298,,
74.920137,5619,0.58346,,
7.415563,4504,0.0660184,,
123.01,5571,,0.0715929,0.0715929
7.010606,4910,0.125792,,
14.476,5724,,0.0837774,0.0837774
28.122397,4632,0.0874297,,
3500,,,,0.0173
1.3382299,5500,1.341,1.22306,1.22311
3.107675,4910,0.0615577,,
526.62,5688,,1.64829,1.64829
3.38773,5017,,0.623724,0.623724
10.681572,5551,0.209653,,
199.505,4819,,4.9174,4.9174
10.399931,5235,0.107949,,
6.029809,5570,0.118655,,
2754,4958,,1.75571,1.75571
12.04,4500,0.211,,
15.906801,5094,0.227496,,
48.630408,6106,0.235525,,
602,5911,,0.0673813,0.0673813
16.088134,6165,0.301543,,
151.884058,6065,0.25426,,
7.466623,6092,0.124008,,
11.634788,6023,0.13739,,
1973,5752.03,,2.74962,2.74962
119.29,6076.31,,1.07139,1.07139
8.884924,5330,1.03,9.98356,9.98479
4.580358,5105,0.1249,,
7.113702,3568,0.134713,,
27.402,6187,0.247,,0.0337539
17.24,5817,,0.0669595,0.0669595
16.514043,5526,0.247123,,
4.942782,5515,0.96,0.66177,0.662431
279.8,6176,,1.48708,1.48708
30.184104,5740,0.362209,,
5.524242,5497,0.186457,,
88.255055,5088,0.213222,,
8.96855,5807,0.215006,,
5.35227,5650,1.17,0.535943,0.537982
118.45,5423,,0.646927,0.646927
464.3,4972,,1.9935,1.9935
11.8681707,6074,0.176486,,
9.926746,5479,0.244446,,
7159,,,8.99692,9
16.282493,4668,0.165046,,
603.95116,,,0.0926098,0.0926098
6.988055,5631,0.102596,,
461.2,5745.68,,1.46957,1.46957
7.919585,4650,0.775,0.859026,0.859095
3.6936411,6100,1.653,0.630293,0.63273
3.076337,6200,1.5,1.29241,1.29336
3.7521,6300,1.379,0.541448,0.542797
16.3567,5911,,0.0376549,0.0376549
192.9,5793,,1.81548,1.81548
4.1250828,,1.33,1.60219,1.60254
2.143634,5920,1.67,0.969551,0.984236
154.378,5500.24,,0.674371,0.674371
2.718661,6140,1.1,3.441,3.45362
6.846262,5835,0.165938,,
3.67724,6325,1.36,0.753425,0.757277
905.574,4764,,1.51728,1.51728
4.544439,5752,0.259613,,
118.3807,5663,0.296741,0,0
1.620493,5551,0.14185,,
15.76491,5150.54,,4.00104,4.00104
16422,7193,,,7
227,6049.74,,1.80603,1.80603
8.127899,5847,0.150772,,
,,,,0.01
4.148141,5160,0.100812,,
705,5112,,1.30477,1.30477
3.092514,6168.3,,0.902075,0.902075
311.6,4844,,1.62021,1.62021
13.767102,4997,0.196271,,
,,,,0.157
147.76916,5485,,1.27518,1.27518
83.488369,5908,0.25426,,
387.1,5052,,1.8997,1.8997
4.617101,5600,1.092,0.605178,0.605385
7.64159,5383,0.489785,0.054387,0.0544
68.16101,5739,0.156125,,
91.773242,5588,0.181997,,
3.173315,4498,0.0722634,,
14.749049,5851,0.307788,,
6.21229,5080,0.57,0.215994,0.216078
14.383035,6117,0.152556,,
5.700786,6002,0.167722,,
11.97901,5299,0.238201,,
498.9,5770,,0.68457,0.68457
327.8,5508,,0.596868,0.596868
2720,5448,,3.36552,3.36552
5.955,4500,0.216,,
626.516,5936.41,,3.57445,3.57445
27.320871,6088,0.156125,,
8.7522,3793,0.1784,0,0
7.10664,5760,0.169356,0,0
2.9444256,5150,0.962,0.871881,0.872226
326.03,4830,,16.1284,16.1284
103.95,6046,,5.78201,5.78201
17.308032,6089,0.231064,,
4.86069,6040,1.08,0.26487,0.27
7.626324,4955,0.10438,,
187.83,4749,,1.47736,1.47736
16.068638,5120,0.438933,,
1.689868,6210,1.2,1.16945,1.18
589.64001,4935,,2.75822,2.75822
4.4264,6174,,0.540155,0.540155
1.7497798,5000,1.27,0.45566,0.457165
9.693201,5684,0.182889,,
2.46236,5696,0.144527,,
25.193458,5178,0.140958,,
1078,5882.31,,2.54589,2.54589
501.75,4290,,7.28868,7.28868
3.295709,4731,0.255152,,
160.018032,5381,0.353288,,
3.57878087,5520,0.96,0.430694,0.430957
5.24,5903,,0.27467,0.27467
342.85,5434,,0.658513,0.658513
2.211099,4503,0.14185,,
2.549575,3799,0.0990276,,
1.9550959,5400,1.153,1.46438,1.47244
248.4,6123,,1.9,1.9
191.2318,5600,0.549,0.0200995,0.0201
7.125939,5873,0.143635,,
34.096863,5329,0.138282,,
3.336649,3600,0.374365,0.0439856,0.0440093
36.77031,5147,0.240878,,
25.09849,5828,0.125792,,
8.014927,5626,0.176644,,
6.61833,5885,0.221251,,
647.3,4152,,4.00701,4.00701
7.384108,5829,0.150772,,
21.21663,6079,1.02,3.30035,3.30275
18.735753,5187,0.167722,,
13.07163,6142,0.205192,,
18.795952,6169,0.696762,,
13.391635,6152,0.0999197,,
465.1,5620,,13.2921,13.2921
1157,5936,,1.33254,1.33254
24.209842,4648,0.110625,,
15.995622,4955,0.0972433,,
33.60134,5155,0.808,,
417.9,4436,,6.04937,6.04937
1630,5242,,4.09607,4.09607
37.815724,4710,0.115978,,
2.47063,5850,1.224,1.19316,1.20071
20.060548,4255,0.182889,,
13.638723,5602,0.107057,,
4.113775,5291,,0.452799,0.452799
51.805612,5194,0.281024,,
3.509267,6095.03,,0.46004,0.46004
12.130686,6402,0.148095,,
15.163161,6326,0.271211,,
6.8378503,5980,,0.954212,0.954212
4.954658,6400,0.915,0.919256,0.919279
3.052401,5450,1.2,0.931742,0.932493
3.48777,5393.03,,0.429903,0.429903
2915.0369,5551.63,,1.53512,1.53512
446.27,5653,,14.2696,14.2696
5.315946,4731,0.193594,,
1.937055,3944,0.0794005,,
692.90002,,,1.17505,1.17505
55.01307,5448,,2.80174,2.80174
2.4238039,5410,1.14,0.88769,0.889836
76.050178,5250,0.155232,,
3.468095,5580,0.122223,,
2.828042,5675,1.44,0.916321,0.91918
1.5089557,5950,1.49,1.02603,1.02979
4.15474,5897,,0.0580667,0.0580667
3.353728,4258,0.176644,,
28.574263,5544,0.214114,,
5.36865,3498,,0.0499019,0.0499019
4.263742,6031,0.115086,,
20.8133,5695.18,,0.169756,0.169756
5.419026,5815,0.120439,,
2.21857567,5040,1.138,1.14039,1.1436
443.4,4919,,2.76572,2.76572
11.829851,5654,0.113302,,
6.186676,5411,0.0999197,,
44.000529,4880,0.132929,,
1.796302,5580,0.110625,,
23.44281,5764,0.106165,,
41.749882,5513,0.276563,,
431.8,4984,,2.9072,2.9072
1928,5499,,4.46762,4.46762
10.105785,5983,0.11241,,
10.495711,6239,0.135605,,
18.684737,4257,0.172183,,
2.216726,6250,1.01,1.40552,1.40771
373.3,5091,,2.70016,2.70016
6.00253,6090,0.161477,,
258.18,5749.68,,1.56347,1.56347
29.198943,5381,0.375591,,
125.866438,5930,1.16335,,
3805.6705,5814.99,,1.9422,1.9422
70.459999,5079,,0.299187,0.299187
57.011,5155,,,
247.35373,4880,0.195379,,
18.119869,5208,0.282808,,
1951,5886,,18.3282,18.3282
41.397,3190,,0.297735,0.297735
1.592851,,0.146311,,
7.2037945,3974,0.242446,,
4.61442,5200,1.4,0.418184,0.41931
1008,5441,,6.59355,6.59355
5.90124,3793,0.1963,0,0
325.81,5836.08,,3.56392,3.56392
20.09,4648,0.211,,
4.20474,5590,1.26,0.478732,0.479479
3.2130598,4650,0.959,0.210772,0.210804
20.552802,5676,0.256936,,
2.382961,5428,0.157909,,
87.517905,5884,0.146311,,
408.6,5605,,2.24797,2.24797
11.03189,6184,0.130252,,
9.034199,4632,0.140066,,
5.715442,5228,0.218574,,
38.871826,5619,0.256044,,
4.159807,4632,0.0722634,,
17.460812,5100,0.194487,,
12.720359,6190,0.401105,0,0
75.29,5543,,0.768857,0.768857
1.354133,5227,1.168,1.34754,1.34915
466.2,6188.02,,1.32681,1.32681
3.922727,4800,0.792,0.242938,0.242991
3.9791,5924,1.13,1.02162,1.0245
58.43,4715,,0.0113953,0.0113953
1531,5869.88,,6.95913,6.95913
28.081912,5433,0.3292,,
8.005013,6402,0.142742,,
993.3,5076,,10.298,10.298
3.619337,5502,0.132037,,
12.0717249,3705,0.109635,,
5.66793,5904,0.155094,,
7.416755,4940,0.285485,,
4.617534,4503,0.138282,,
288.822,,0.764,0.22,0.220004
12.904532,4710,0.117763,,
550,5671,,1.98809,1.98809
2.024823,5867,0.0909983,,
2.5199449,6110,1.516,0.827536,0.918
4.1877537,5510,1.03,1.15082,1.15251
2.899703,5185,0.899,0.595021,0.595712
10.848463,4208,0.19181,,
3.33616,5100,0.146311,,
99.640161,5526,0.247123,,
9.220524,5602,0.0901062,,
16.934402,4648,0.11687,,
1278.1218,6212.65,,4.11582,4.11582